0000000000000000000000000000000000000000000000000000000000000000
0                       2                                     30
0                                                            5 0
0         3                                                  4 0
0              0                                               0
0            4 0                                               0
0  4           0  4                  0000000000000             0
0          C   0          4   30000000000000000C  1            0
0              0     4                 0000000000000       4   0
0              0               1                            0000
0 C 4 5                                                      C30
0                                                           0000
0             500000000000000000000000000               4      0
0              0              4         0        0000000000    0
0  4             000      C000          0                5     0
0              000 000000000 000000000000                      0
0             5                                               40
0              00000003000000000003000000 00                   0
0     000      03000 000    5    000    0 00  4                0
0     030      0    5    5     5        0 00                 4 0
0     0 0      0                      5   00                 0 0
0     0 0      0           4            0                    0 0
0     0 0      00000000000000000000000000     000         4  050
0 4                               1           0 0            0 0
0               00                1           0005   4       0 0
0                 00              1           0 0           30 0
0        5          0       5                 000   0000000000C0
0          00000000000                             4           0
0    4    0                  4    00                          10
0        0             0          00     5                  0000
0       0              00         00              00000000000030
00      0     4        0 0        00          4                0
0      03       5      0  0   3   00    30                 4   0
0000000000000000000000000000000000000000000000000000000000000000
